140.000	00000000	00000000
340.000	00000001	00000000
540.000	00000010	00000000
740.000	00000011	00000000
940.000	00000100	00000000
1140.000	00000101	00000000
1340.000	00000110	00000000
1540.000	00000111	00000000
1740.000	00001000	00000000
1940.000	00001001	00000000
2140.000	00001010	00000011
2340.000	00001011	00000100
2540.000	00001100	00000101
2740.000	00001101	00000110
2940.000	00001110	00000111
3140.000	00001111	00001000
3340.000	00010000	00001001
3540.000	00010001	00001010
3740.000	00010010	00001011
3940.000	00010011	00001100
4140.000	00010100	00001101
4340.000	00010101	00001110
4540.000	00010110	00001111
4740.000	00010111	00010000
4940.000	00011000	00010001
5140.000	00011001	00010010
5340.000	00011010	00010011
5540.000	00011011	00010100
5740.000	00011100	00010101
5940.000	00011101	00010110
6140.000	00011110	00010111
6340.000	00011111	00011000
6540.000	00100000	00011001
6740.000	00100001	00011010
6940.000	00100010	00011011
7140.000	00100011	00011100
7340.000	00100100	00011101
7540.000	00100101	00011110
7740.000	00100110	00011111
7940.000	00100111	00100000
